 <PP_ADDINFO>
6s  6  0  0.50  2.00
6p  6  1  0.50  1.00
6p  6  1  1.50  2.00
   0  0.50
   1  0.50
   1  1.50
    -13.976960  273.313007    0.009340    0.008290
 </PP_ADDINFO>

 <PP_ADDINFO>
5s  5  0  0.50  2.00
5p  5  1  0.50  1.00
5p  5  1  1.50  2.00
   0  0.50
   1  0.50
   1  1.50
    -13.976960  214.242853    0.011915    0.010661
 </PP_ADDINFO>


mix:


 <PP_ADDINFO>
6s  6  0  0.50  2.00
6p  6  1  0.50  1.00
6p  6  1  1.50  2.00
   0  0.50
   1  0.50
   1  1.50
   0  0.50
   1  0.50
   1  1.50
    -13.976960  273.313007    0.009340    0.008290
 </PP_ADDINFO>




